00101001000000111000000101101000
10000100110111010010000110010101
00110000010000101010101011101101
11100110010101111001001100000110
11111111011011000100101100011110
00010110101011010100111010000111
00011001110011110110110000000110
11001011001010111011011111011111
11111100101001011110010101011011
10110011010000001000000011110111
01001100100000001001111101101111
01011001011011000110100000101100
11010000110101110010010000011100
01010000011111011101011101101000
00000101111001100101001000100110
00111110001111101001011001001111
00111101110101001011011110110110
01101001110000100011000101100011
11010100010001010010010010011100
10000000000111010001111010111101
01000010100100000010111110111111
10001101011101000011011011101110
00110100100111110011010111110010
11111000100011011100111010011110
01101001001000000110101011000110
11101111011101110111101100100000
01110110000110001100001010101010
11011001001101000100011011011011
01111111011000111001110010111011
10111011111110100010010000100110
10111000010100000110011100101100
11010101110001110101100000100101
